Webots Project File version R2023a
perspectives: 000000ff00000000fd000000010000000100000217000003c6fc0200000001fc00000016000003c6000000a50100001dfa000000010100000002fb0000001a0043006f006e0073006f006c00650041006c006c0041006c006c0100000000ffffffff0000006900fffffffb0000001400540065007800740045006400690074006f00720100000569000002170000007700ffffff00000567000003c600000001000000020000000100000008fc00000000
simulationViewPerspectives: 000000ff000000010000000200000110000004ef0100000002010000000101
sceneTreePerspectives: 000000ff00000001000000030000001e000000c0000000fa0100000002010000000201
minimizedPerspectives: 000000ff00000000fd0000000200000001000002170000027bfc0200000001fb0000001400540065007800740045006400690074006f007201000000160000027b0000008700ffffff000000030000078000000171fc0100000001fb0000001a0043006f006e0073006f006c00650041006c006c0041006c006c0100000000000007800000006900ffffff000005670000027b00000001000000020000000100000008fc00000000
maximizedDockId: -1
centralWidgetVisible: 1
orthographicViewHeight: 1
textFiles: 4 "controllers/BaseRobot/BaseRobot.hpp" "controllers/LeaderController/LeaderController.cpp" "controllers/LeaderController/LeaderRobot.cpp" "controllers/LeaderController/LeaderRobot.hpp" "controllers/BaseRobot/BaseRobot.cpp"
consoles: Console:All:All
renderingDevicePerspectives: 0:camera depth;0;0.895833;0;0
renderingDevicePerspectives: 0:camera rgb;0;0.895833;0;0
renderingDevicePerspectives: 1:camera;1;1;0;0
renderingDevicePerspectives: 2:camera;0;1;0;0
renderingDevicePerspectives: 3:camera;0;1;0;0
