Webots Project File version R2023a
perspectives: 000000ff00000000fd0000000200000001000002170000027dfc0200000001fb0000001400540065007800740045006400690074006f007201000000160000027d0000008700ffffff000000030000078000000147fc0100000001fb0000001a0043006f006e0073006f006c00650041006c006c0041006c006c0100000000000007800000006900ffffff000005670000027d00000001000000020000000100000008fc00000000
simulationViewPerspectives: 000000ff000000010000000200000110000004ef0100000002010000000101
sceneTreePerspectives: 000000ff00000001000000030000001e000000c0000000fa0100000002010000000201
minimizedPerspectives: 000000ff00000000fd0000000200000001000002170000027bfc0200000001fb0000001400540065007800740045006400690074006f007201000000160000027b0000008700ffffff000000030000078000000171fc0100000001fb0000001a0043006f006e0073006f006c00650041006c006c0041006c006c0100000000000007800000006900ffffff000005670000027b00000001000000020000000100000008fc00000000
maximizedDockId: -1
centralWidgetVisible: 1
orthographicViewHeight: 1
textFiles: 7 "controllers/BaseRobot/BaseRobot.hpp" "controllers/ScoutController/ScoutController.cpp" "controllers/LeaderController/LeaderController.cpp" "controllers/LeaderController/LeaderRobot.cpp" "controllers/LeaderController/LeaderRobot.hpp" "BaseRobot.cpp" "controllers/LeaderController/KeyboardConfig.txt" "controllers/LeaderController/output.txt" "controllers/LeaderController/Makefile"
globalOptionalRendering: LidarRaysPaths::LidarPointClouds
consoles: Console:All:All
renderingDevicePerspectives: 0:camera depth;0;0.895833;0;0
renderingDevicePerspectives: 0:camera rgb;0;0.895833;0;0
renderingDevicePerspectives: 1:camera;1;1;0;0
renderingDevicePerspectives: 2:camera;0;1;0;0
renderingDevicePerspectives: 3:camera;0;1;0;0
